0 0 0.1875 347 15 []
0 1 0.375 347 2 [0]
1 0 0.4375 682 4 []
1 1 0.9375 682 2 [0]
1 2 0.125 682 8 [0]
1 3 0.5625 682 15 [0]
1 4 0.5625 682 5 [1]
1 5 0.625 682 18 [0, 1, 3]
2 0 0.4375 351 6 []
2 1 0.375 351 5 [0]
2 2 0.6875 351 4 [0]
2 3 0.75 351 3 [0]
2 4 0.5625 351 18 [2]
2 5 0.75 351 3 [2, 3]
2 6 0.0625 351 3 [0, 2, 3, 4]
2 7 0.75 351 5 [0, 2, 3]
2 8 0.875 351 10 [4, 6]
3 0 0.5625 231 12 []
3 1 0.0625 231 17 [0]
3 2 0.9375 231 18 [0]
3 3 0.6875 231 6 [0]
3 4 0.8125 231 10 [2]
3 5 0.375 231 11 [0, 2, 3]
3 6 0.625 231 6 [1]
4 0 0.625 663 12 []
4 1 0.625 663 17 [0]
4 2 0.5 663 11 [0]
5 0 0.125 333 9 []
5 1 0.1875 333 11 [0]
5 2 0.5625 333 12 [0]
5 3 0.875 333 4 [0, 1]
5 4 0.125 333 9 [0, 1]
5 5 0.9375 333 15 [1]
6 0 0.5625 726 16 []
6 1 0.4375 726 18 [0]
6 2 0.5 726 1 [0]
6 3 0.9375 726 14 [0, 1]
6 4 0.9375 726 10 [0, 2]
6 5 0.75 726 14 [3]
6 6 0.5 726 15 [0, 4]
7 0 0.3125 237 5 []
7 1 0.6875 237 7 [0]
7 2 0.3125 237 2 [0]
7 3 0.6875 237 13 [0]
7 4 0.4375 237 5 [2]
7 5 0.25 237 18 [1, 2, 3]
7 6 0.1875 237 11 [1, 4]
8 0 0.75 618 12 []
9 0 0.0625 639 7 []
9 1 0.5 639 16 [0]
10 0 0.8125 34 13 []
10 1 0.4375 34 8 [0]
10 2 0.5625 34 8 [0]
10 3 0.5625 34 2 [1]
10 4 0.6875 34 7 [0, 1]
10 5 0.25 34 13 [0, 2]
10 6 0.25 34 14 [0, 3]
10 7 0.1875 34 10 [2, 3, 4]
11 0 0.1875 697 18 []
11 1 0.875 697 15 [0]
11 2 0.4375 697 2 [0]
11 3 0.75 697 17 [0, 1]
11 4 0.6875 697 6 [0, 1]
11 5 0.875 697 3 [0, 1, 2, 3]
12 0 0.8125 794 8 []
12 1 0.375 794 18 [0]
12 2 0.8125 794 1 [0]
12 3 0.8125 794 19 [0, 1]
12 4 0.125 794 6 [2]
12 5 0.625 794 11 [0, 1, 2]
12 6 0.3125 794 18 [0, 1, 2, 3]
13 0 0.75 826 4 []
13 1 0.6875 826 4 [0]
13 2 0.625 826 19 [0]
13 3 0.5 826 5 [0, 1]
13 4 0.6875 826 16 [0]
13 5 0.9375 826 15 [0, 1, 2, 3]
13 6 0.5625 826 5 [0, 4]
13 7 0.8125 826 8 [0, 2, 5]
13 8 0.5 826 4 [2, 5, 6]
14 0 0.875 976 12 []
14 1 0.5625 976 7 [0]
14 2 0.9375 976 15 [0]
14 3 0.3125 976 6 [0, 1]
14 4 0.5625 976 2 [2]
14 5 0.875 976 5 [0, 2, 3]
14 6 0.875 976 15 [0, 1, 2, 3]
14 7 0.5625 976 19 [0, 2, 4, 5]
15 0 0.625 657 6 []
15 1 0.5625 657 4 [0]
15 2 0.125 657 11 [0]
15 3 0.5 657 13 [0]
15 4 0.0625 657 19 [2]
15 5 0.375 657 9 [0, 1, 2]
15 6 0.8125 657 9 [0, 1, 2, 3, 4]
15 7 0.625 657 12 [0, 4]
15 8 0.75 657 11 [0, 2, 3, 4, 5]
16 0 0.25 986 18 []
16 1 0.8125 986 12 [0]
17 0 0.0625 419 13 []
17 1 0.0625 419 10 [0]
17 2 0.9375 419 1 [0]
17 3 0.4375 419 6 [1]
17 4 0.25 419 18 [0]
17 5 0.4375 419 13 [2]
17 6 0.4375 419 4 [0, 2, 4]
17 7 0.5 419 3 [0, 1, 4, 5]
18 0 0.875 430 4 []
18 1 0.75 430 16 [0]
18 2 0.875 430 10 [0]
18 3 0.9375 430 14 [0]
18 4 0.875 430 14 [1]
18 5 0.4375 430 8 [1, 2, 3]
18 6 0.5625 430 12 [0, 1]
18 7 0.8125 430 2 [3, 4, 5]
19 0 0.25 669 13 []
19 1 0.4375 669 5 [0]
19 2 0.5 669 19 [0]
20 0 0.125 824 14 []
20 1 0.9375 824 8 [0]
20 2 0.8125 824 8 [0]
21 0 0.125 254 12 []
21 1 0.8125 254 13 [0]
21 2 0.5 254 12 [0]
21 3 0.0625 254 3 [0]
21 4 0.6875 254 19 [1, 2]
21 5 0.125 254 12 [0, 3]
21 6 0.125 254 17 [0, 1, 2, 3, 4]
21 7 0.375 254 10 [2, 4]
22 0 0.25 451 18 []
23 0 0.8125 239 17 []
23 1 0.0625 239 10 [0]
23 2 0.0625 239 10 [0]
23 3 0.625 239 1 [1]
23 4 0.9375 239 1 [0, 1]
23 5 0.3125 239 7 [0, 3]
24 0 0.5 361 1 []
24 1 0.5 361 3 [0]
24 2 0.3125 361 16 [0]
24 3 0.9375 361 4 [1]
24 4 0.1875 361 7 [2]
24 5 0.75 361 19 [0, 1, 3]
24 6 0.4375 361 16 [1, 4]
24 7 0.75 361 15 [0, 2, 4, 5]
25 0 0.4375 651 8 []
25 1 0.3125 651 9 [0]
25 2 0.25 651 7 [0]
25 3 0.0625 651 2 [1]
25 4 0.6875 651 11 [0, 2]
26 0 0.8125 25 1 []
27 0 0.8125 686 17 []
27 1 0.9375 686 6 [0]
27 2 0.375 686 1 [0]
27 3 0.625 686 15 [0]
27 4 0.375 686 9 [0, 1]
28 0 0.8125 384 19 []
28 1 0.125 384 10 [0]
28 2 0.625 384 18 [0]
28 3 0.5 384 9 [1]
28 4 0.0625 384 8 [0, 1]
29 0 0.75 341 15 []
29 1 0.3125 341 4 [0]
29 2 0.0625 341 11 [0]
29 3 0.3125 341 14 [0]
29 4 0.75 341 18 [1]
29 5 0.8125 341 16 [0, 2]
29 6 0.25 341 3 [0, 2, 3]
30 0 0.3125 122 15 []
30 1 0.25 122 17 [0]
30 2 0.5625 122 10 [0]
30 3 0.5625 122 6 [1]
31 0 0.5625 881 9 []
31 1 0.875 881 15 [0]
31 2 0.875 881 7 [0]
32 0 0.5 352 10 []
33 0 0.0625 510 7 []
33 1 0.875 510 17 [0]
33 2 0.6875 510 7 [0]
33 3 0.0625 510 8 [1]
33 4 0.75 510 9 [1]
33 5 0.9375 510 9 [0, 1, 2, 3]
33 6 0.6875 510 15 [0, 2, 3, 4]
33 7 0.8125 510 11 [0, 4, 5]
33 8 0.8125 510 18 [0, 1, 3]
34 0 0.875 93 8 []
34 1 0.375 93 8 [0]
34 2 0.3125 93 7 [0]
34 3 0.875 93 2 [1]
34 4 0.5 93 1 [2]
34 5 0.5 93 17 [0, 2]
34 6 0.25 93 15 [0, 1, 2, 3]
34 7 0.3125 93 4 [1, 2, 3, 5]
35 0 0.6875 605 2 []
35 1 0.4375 605 17 [0]
35 2 0.0625 605 11 [0]
35 3 0.5625 605 2 [1]
35 4 0.1875 605 12 [2]
35 5 0.3125 605 5 [2]
35 6 0.5625 605 15 [0, 2, 4]
35 7 0.1875 605 17 [2]
35 8 0.6875 605 10 [0, 5]
36 0 0.4375 176 15 []
36 1 0.875 176 2 [0]
36 2 0.0625 176 13 [0]
36 3 0.375 176 1 [0]
36 4 0.375 176 3 [0]
36 5 0.6875 176 5 [0]
36 6 0.8125 176 18 [1]
37 0 0.3125 653 18 []
37 1 0.875 653 14 [0]
37 2 0.75 653 19 [0]
38 0 0.5625 692 13 []
38 1 0.875 692 11 [0]
38 2 0.375 692 13 [0]
38 3 0.9375 692 7 [0]
38 4 0.8125 692 18 [0]
39 0 0.9375 229 9 []
39 1 0.75 229 10 [0]
40 0 0.875 671 18 []
40 1 0.3125 671 2 [0]
40 2 0.3125 671 8 [0]
40 3 0.6875 671 1 [0]
40 4 0.375 671 4 [1]
40 5 0.5625 671 6 [3]
40 6 0.375 671 10 [0, 1, 2, 3]
40 7 0.125 671 14 [0, 1, 2, 3, 4, 5]
40 8 0.4375 671 10 [0, 4, 5, 6]
41 0 0.75 684 19 []
41 1 0.75 684 19 [0]
41 2 0.8125 684 1 [0]
41 3 0.25 684 3 [0, 1]
41 4 0.9375 684 19 [1, 2]
42 0 0.375 408 4 []
42 1 0.6875 408 7 [0]
42 2 0.1875 408 8 [0]
42 3 0.5625 408 15 [0]
42 4 0.875 408 10 [1, 2]
42 5 0.9375 408 12 [0, 3]
42 6 0.375 408 18 [1, 3, 4]
42 7 0.625 408 9 [0, 1, 5]
42 8 0.375 408 14 [3]
43 0 0.625 377 7 []
43 1 0.625 377 1 [0]
43 2 0.875 377 14 [0]
43 3 0.4375 377 8 [0]
44 0 0.125 27 2 []
44 1 0.9375 27 4 [0]
44 2 0.25 27 16 [0]
45 0 0.8125 505 8 []
46 0 0.625 639 18 []
46 1 0.6875 639 11 [0]
46 2 0.75 639 6 [0]
46 3 0.5625 639 16 [1]
46 4 0.5625 639 8 [2]
46 5 0.125 639 18 [0, 1, 2, 3]
46 6 0.4375 639 4 [0, 1, 2, 4]
46 7 0.5625 639 5 [0, 1, 3, 5]
46 8 0.1875 639 8 [3, 6]
47 0 0.125 392 5 []
47 1 0.75 392 5 [0]
47 2 0.8125 392 3 [0]
47 3 0.0625 392 5 [0]
47 4 0.375 392 5 [2]
47 5 0.6875 392 5 [0, 1]
47 6 0.625 392 19 [2]
47 7 0.3125 392 7 [1, 4, 5]
47 8 0.25 392 13 [0, 1, 4]
48 0 0.9375 209 5 []
48 1 0.125 209 17 [0]
48 2 0.125 209 8 [0]
48 3 0.9375 209 8 [0]
48 4 0.1875 209 19 [1, 2]
48 5 0.3125 209 5 [0, 2, 3]
48 6 0.8125 209 7 [0, 3]
48 7 0.4375 209 5 [0, 1, 3, 5]
49 0 0.125 877 3 []
49 1 0.5 877 17 [0]
50 0 0.4375 880 8 []
51 0 0.875 372 13 []
51 1 0.3125 372 17 [0]
51 2 0.9375 372 8 [0]
51 3 0.5625 372 11 [0]
51 4 0.75 372 9 [1, 2]
51 5 0.8125 372 16 [1, 2, 3]
51 6 0.375 372 12 [1, 2]
51 7 0.3125 372 3 [1, 2, 4]
51 8 0.3125 372 9 [2, 5]
52 0 0.375 344 7 []
52 1 0.3125 344 3 [0]
52 2 0.5625 344 14 [0]
52 3 0.25 344 7 [0]
52 4 0.6875 344 6 [0, 1]
52 5 0.6875 344 18 [0, 1]
52 6 0.5 344 15 [0, 1, 3, 4]
53 0 0.4375 304 11 []
53 1 0.125 304 16 [0]
53 2 0.375 304 14 [0]
53 3 0.6875 304 10 [1]
53 4 0.875 304 2 [2]
53 5 0.9375 304 5 [0, 2]
53 6 0.125 304 7 [0, 1, 3, 4]
53 7 0.4375 304 14 [0, 1, 2, 3, 4]
53 8 0.8125 304 18 [0, 2, 6]
54 0 0.3125 518 17 []
54 1 0.6875 518 3 [0]
54 2 0.6875 518 12 [0]
54 3 0.5 518 10 [0, 1]
54 4 0.9375 518 4 [0, 1]
54 5 0.6875 518 9 [0, 1, 2, 3]
54 6 0.5625 518 9 [1, 2, 4]
55 0 0.6875 723 15 []
55 1 0.5625 723 14 [0]
55 2 0.125 723 19 [0]
55 3 0.5 723 3 [0, 1]
55 4 0.5 723 3 [1]
55 5 0.9375 723 12 [0]
56 0 0.875 330 1 []
56 1 0.6875 330 2 [0]
56 2 0.3125 330 2 [0]
56 3 0.0625 330 16 [1]
56 4 0.25 330 15 [1]
56 5 0.5625 330 13 [1, 2]
56 6 0.5625 330 12 [2, 3]
56 7 0.3125 330 5 [1, 2]
56 8 0.375 330 18 [2, 3, 4, 6]
57 0 0.5625 815 1 []
58 0 0.125 503 16 []
58 1 0.875 503 12 [0]
58 2 0.5625 503 15 [0]
58 3 0.125 503 19 [1]
58 4 0.25 503 3 [0]
59 0 0.1875 836 3 []
59 1 0.75 836 5 [0]
59 2 0.75 836 17 [0]
59 3 0.875 836 15 [1]
59 4 0.0625 836 11 [0, 2]
59 5 0.625 836 13 [1, 2]
60 0 0.375 53 7 []
60 1 0.5625 53 8 [0]
60 2 0.4375 53 13 [0]
60 3 0.0625 53 6 [0]
60 4 0.4375 53 1 [1]
60 5 0.4375 53 10 [0, 1, 3]
61 0 0.125 947 1 []
61 1 0.375 947 4 [0]
61 2 0.375 947 19 [0]
61 3 0.9375 947 10 [1]
61 4 0.6875 947 15 [0, 2]
61 5 0.8125 947 10 [1]
61 6 0.8125 947 13 [1, 3, 4]
61 7 0.6875 947 8 [4]
62 0 0.0625 796 16 []
62 1 0.25 796 2 [0]
62 2 0.3125 796 6 [0]
62 3 0.75 796 7 [0]
62 4 0.875 796 7 [2]
62 5 0.1875 796 5 [2]
62 6 0.75 796 14 [1]
62 7 0.375 796 9 [0, 1, 3, 5]
62 8 0.25 796 19 [3]
63 0 0.4375 382 6 []
64 0 0.875 388 17 []
64 1 0.1875 388 9 [0]
65 0 0.8125 771 18 []
65 1 0.3125 771 15 [0]
65 2 0.0625 771 9 [0]
66 0 0.625 350 18 []
66 1 0.375 350 11 [0]
66 2 0.3125 350 15 [0]
66 3 0.6875 350 17 [0]
67 0 0.875 382 5 []
67 1 0.6875 382 12 [0]
67 2 0.125 382 3 [0]
67 3 0.0625 382 16 [1]
67 4 0.0625 382 8 [0]
67 5 0.9375 382 14 [0]
67 6 0.625 382 8 [2, 3]
68 0 0.125 973 4 []
68 1 0.0625 973 13 [0]
68 2 0.5 973 7 [0]
68 3 0.625 973 9 [0, 1]
68 4 0.25 973 6 [2]
69 0 0.1875 285 18 []
69 1 0.0625 285 11 [0]
69 2 0.375 285 11 [0]
69 3 0.25 285 1 [1]
69 4 0.6875 285 1 [0, 2]
70 0 0.3125 731 15 []
71 0 0.8125 102 14 []
71 1 0.375 102 11 [0]
71 2 0.125 102 14 [0]
71 3 0.3125 102 1 [0]
71 4 0.25 102 5 [2]
71 5 0.3125 102 2 [3]
71 6 0.4375 102 9 [0]
71 7 0.75 102 2 [0, 3, 4, 5]
71 8 0.25 102 6 [0, 2, 3, 6]
72 0 0.9375 806 4 []
72 1 0.4375 806 4 [0]
72 2 0.75 806 7 [0]
72 3 0.125 806 10 [1]
72 4 0.625 806 14 [0]
72 5 0.6875 806 13 [1, 3]
72 6 0.875 806 7 [1, 2]
73 0 0.0625 873 7 []
73 1 0.625 873 1 [0]
73 2 0.5625 873 4 [0]
73 3 0.3125 873 15 [0]
74 0 0.375 971 18 []
74 1 0.375 971 2 [0]
74 2 0.875 971 6 [0]
75 0 0.5 602 8 []
75 1 0.375 602 19 [0]
75 2 0.4375 602 14 [0]
75 3 0.5 602 11 [0, 1]
75 4 0.25 602 12 [1]
75 5 0.1875 602 16 [1]
76 0 0.1875 571 7 []
76 1 0.125 571 12 [0]
76 2 0.1875 571 10 [0]
76 3 0.6875 571 11 [0]
77 0 0.625 108 2 []
77 1 0.5 108 3 [0]
77 2 0.3125 108 14 [0]
77 3 0.875 108 3 [1]
77 4 0.8125 108 2 [1]
77 5 0.875 108 5 [1, 3]
77 6 0.875 108 15 [1]
78 0 0.8125 116 11 []
78 1 0.6875 116 3 [0]
78 2 0.1875 116 19 [0]
78 3 0.3125 116 12 [0, 1]
78 4 0.375 116 16 [2]
78 5 0.6875 116 8 [1, 2]
78 6 0.8125 116 8 [0, 3, 4]
78 7 0.6875 116 17 [5]
79 0 0.875 505 3 []
79 1 0.625 505 19 [0]
79 2 0.5 505 18 [0]
79 3 0.4375 505 16 [0]
79 4 0.75 505 9 [0, 2]
79 5 0.25 505 16 [0, 3]
79 6 0.125 505 11 [0, 1]
79 7 0.8125 505 19 [1, 3, 4]
79 8 0.6875 505 19 [6]
80 0 0.6875 771 4 []
80 1 0.4375 771 8 [0]
80 2 0.75 771 8 [0]
80 3 0.125 771 1 [0]
80 4 0.625 771 9 [2]
80 5 0.75 771 19 [0, 1]
81 0 0.375 267 12 []
82 0 0.5625 78 17 []
82 1 0.8125 78 3 [0]
83 0 0.125 862 2 []
84 0 0.1875 841 19 []
84 1 0.1875 841 15 [0]
84 2 0.875 841 12 [0]
84 3 0.0625 841 16 [0]
84 4 0.3125 841 12 [0, 1, 2]
85 0 0.6875 332 15 []
85 1 0.5625 332 2 [0]
85 2 0.625 332 4 [0]
85 3 0.6875 332 6 [1]
85 4 0.375 332 1 [0, 1]
85 5 0.625 332 4 [3]
85 6 0.0625 332 13 [0, 1, 2, 4]
85 7 0.5625 332 5 [0, 3, 4, 5]
86 0 0.625 886 5 []
86 1 0.9375 886 17 [0]
86 2 0.375 886 16 [0]
86 3 0.3125 886 2 [0, 1]
86 4 0.0625 886 10 [1]
86 5 0.3125 886 17 [0, 3]
86 6 0.9375 886 5 [1, 2, 3, 4]
87 0 0.125 882 18 []
87 1 0.625 882 17 [0]
87 2 0.4375 882 15 [0]
87 3 0.3125 882 19 [1]
87 4 0.25 882 6 [0]
87 5 0.8125 882 3 [3]
88 0 0.625 72 17 []
88 1 0.1875 72 14 [0]
88 2 0.25 72 17 [0]
88 3 0.4375 72 4 [1]
89 0 0.0625 533 16 []
89 1 0.875 533 2 [0]
89 2 0.125 533 17 [0]
89 3 0.125 533 17 [0]
89 4 0.0625 533 2 [0, 1]
90 0 0.5625 802 16 []
90 1 0.125 802 2 [0]
90 2 0.125 802 12 [0]
90 3 0.1875 802 15 [1]
91 0 0.0625 708 17 []
91 1 0.75 708 14 [0]
91 2 0.3125 708 6 [0]
91 3 0.1875 708 10 [0]
91 4 0.8125 708 18 [2]
91 5 0.1875 708 15 [3]
91 6 0.25 708 9 [1]
91 7 0.875 708 2 [0, 1, 2, 3]
91 8 0.0625 708 6 [1, 2, 4, 5]
92 0 0.0625 815 3 []
92 1 0.75 815 8 [0]
92 2 0.5 815 2 [0]
92 3 0.9375 815 18 [1]
92 4 0.75 815 16 [1]
92 5 0.4375 815 16 [0, 1, 2, 3]
92 6 0.75 815 11 [0, 1, 4]
93 0 0.1875 653 16 []
93 1 0.625 653 7 [0]
93 2 0.25 653 16 [0]
93 3 0.8125 653 7 [1]
94 0 0.25 922 4 []
94 1 0.6875 922 18 [0]
94 2 0.1875 922 9 [0]
94 3 0.875 922 4 [1]
94 4 0.9375 922 1 [1]
95 0 0.0625 694 17 []
96 0 0.3125 17 8 []
96 1 0.125 17 7 [0]
96 2 0.625 17 1 [0]
96 3 0.1875 17 15 [0]
96 4 0.875 17 11 [0, 1, 2]
96 5 0.125 17 11 [1]
96 6 0.6875 17 15 [1]
96 7 0.5625 17 13 [1, 2, 4]
96 8 0.4375 17 16 [1, 3]
97 0 0.875 187 9 []
97 1 0.125 187 9 [0]
97 2 0.25 187 4 [0]
98 0 0.75 428 6 []
98 1 0.9375 428 18 [0]
98 2 0.4375 428 15 [0]
98 3 0.0625 428 18 [1]
99 0 0.375 351 4 []
99 1 0.3125 351 8 [0]
99 2 0.375 351 1 [0]
99 3 0.5625 351 1 [0]
99 4 0.625 351 18 [0, 1, 2]
99 5 0.5 351 6 [2, 3]
99 6 0.1875 351 9 [1, 3]
100 0 0.4375 962 16 []
100 1 0.875 962 17 [0]
100 2 0.6875 962 18 [0]
101 0 0.875 800 16 []
101 1 0.6875 800 14 [0]
101 2 0.8125 800 6 [0]
101 3 0.125 800 13 [0, 1]
101 4 0.3125 800 12 [0, 1]
101 5 0.6875 800 2 [1, 3]
101 6 0.25 800 18 [2]
101 7 0.75 800 2 [1, 2]
101 8 0.5 800 10 [0, 1, 5, 6]
102 0 0.6875 545 7 []
102 1 0.5625 545 16 [0]
102 2 0.8125 545 17 [0]
102 3 0.375 545 17 [1]
102 4 0.375 545 3 [0]
102 5 0.625 545 2 [1, 2]
102 6 0.4375 545 3 [3, 4]
102 7 0.5 545 18 [0, 2, 3]
102 8 0.9375 545 9 [0, 1, 2, 3, 4, 5]
103 0 0.8125 689 8 []
103 1 0.125 689 13 [0]
103 2 0.6875 689 14 [0]
103 3 0.9375 689 12 [0, 1]
103 4 0.3125 689 5 [2]
104 0 0.1875 117 7 []
104 1 0.3125 117 4 [0]
104 2 0.1875 117 6 [0]
104 3 0.25 117 15 [0, 1]
104 4 0.0625 117 14 [0, 1, 2]
104 5 0.1875 117 12 [0]
104 6 0.8125 117 16 [3]
104 7 0.6875 117 16 [1, 3, 4, 5]
105 0 0.9375 56 11 []
105 1 0.25 56 2 [0]
105 2 0.625 56 16 [0]
105 3 0.5625 56 5 [0]
105 4 0.125 56 15 [0, 1, 2]
106 0 0.625 540 1 []
106 1 0.4375 540 4 [0]
106 2 0.75 540 18 [0]
106 3 0.4375 540 10 [0]
106 4 0.875 540 16 [0]
106 5 0.5625 540 8 [1, 2]
107 0 0.375 549 5 []
107 1 0.25 549 6 [0]
107 2 0.25 549 4 [0]
108 0 0.125 132 14 []
109 0 0.75 825 17 []
109 1 0.625 825 4 [0]
109 2 0.5625 825 16 [0]
109 3 0.6875 825 4 [0, 1]
109 4 0.5625 825 13 [0, 1, 2]
109 5 0.625 825 12 [0, 1]
110 0 0.625 620 5 []
110 1 0.5625 620 9 [0]
110 2 0.625 620 15 [0]
110 3 0.875 620 2 [0]
110 4 0.8125 620 6 [0]
110 5 0.875 620 6 [1, 2]
110 6 0.3125 620 2 [3]
110 7 0.6875 620 16 [0, 2, 3, 4]
110 8 0.8125 620 17 [1, 2, 4, 5, 6]
111 0 0.0625 614 15 []
111 1 0.875 614 15 [0]
111 2 0.875 614 18 [0]
111 3 0.4375 614 19 [1]
111 4 0.8125 614 2 [2]
111 5 0.125 614 18 [1, 2]
111 6 0.1875 614 6 [0]
111 7 0.5625 614 13 [1]
111 8 0.375 614 14 [6]
112 0 0.375 949 2 []
112 1 0.125 949 17 [0]
112 2 0.375 949 11 [0]
112 3 0.8125 949 16 [0]
112 4 0.125 949 8 [1]
112 5 0.125 949 15 [0, 1, 3]
113 0 0.1875 580 5 []
113 1 0.5 580 3 [0]
113 2 0.125 580 13 [0]
113 3 0.125 580 12 [0]
113 4 0.9375 580 2 [0, 1, 2]
113 5 0.875 580 10 [1, 2, 3]
114 0 0.5 523 2 []
114 1 0.375 523 18 [0]
114 2 0.5 523 3 [0]
114 3 0.8125 523 14 [0]
114 4 0.1875 523 18 [0, 2]
114 5 0.0625 523 17 [0]
114 6 0.75 523 13 [0]
114 7 0.8125 523 6 [2, 3, 4, 5]
115 0 0.375 167 14 []
115 1 0.3125 167 5 [0]
115 2 0.4375 167 18 [0]
115 3 0.25 167 18 [0, 1]
115 4 0.625 167 4 [0]
115 5 0.25 167 16 [0, 1, 2]
115 6 0.375 167 18 [1, 2]
115 7 0.8125 167 9 [1, 2, 5]
116 0 0.75 468 15 []
117 0 0.3125 222 14 []
117 1 0.3125 222 5 [0]
117 2 0.5 222 1 [0]
117 3 0.0625 222 4 [0, 1]
117 4 0.5625 222 4 [0, 1, 2]
117 5 0.6875 222 8 [2]
117 6 0.5625 222 1 [1, 2, 3]
117 7 0.25 222 7 [0, 1, 4]
117 8 0.125 222 15 [0, 2, 3, 5]
118 0 0.75 844 19 []
118 1 0.3125 844 2 [0]
118 2 0.0625 844 15 [0]
118 3 0.4375 844 11 [0]
118 4 0.375 844 4 [0, 1]
118 5 0.3125 844 3 [0, 2]
118 6 0.25 844 5 [2, 4]
118 7 0.9375 844 1 [1, 2]
118 8 0.4375 844 7 [0, 1, 2, 3, 5, 6]
119 0 0.5 226 13 []
119 1 0.5 226 7 [0]
120 0 0.5625 313 16 []
120 1 0.125 313 19 [0]
120 2 0.5625 313 7 [0]
120 3 0.9375 313 15 [0]
120 4 0.5625 313 18 [0, 1, 2]
120 5 0.5 313 9 [0]
120 6 0.9375 313 17 [4]
120 7 0.1875 313 14 [0, 1, 3]
121 0 0.4375 89 9 []
121 1 0.1875 89 1 [0]
122 0 0.75 510 10 []
122 1 0.8125 510 13 [0]
122 2 0.8125 510 3 [0]
122 3 0.125 510 16 [1]
122 4 0.5 510 4 [0]
122 5 0.625 510 18 [2, 3]
122 6 0.1875 510 19 [0, 2]
123 0 0.375 835 10 []
123 1 0.5 835 9 [0]
123 2 0.75 835 5 [0]
123 3 0.5625 835 4 [1]
123 4 0.75 835 17 [2]
123 5 0.1875 835 14 [0, 2]
123 6 0.25 835 19 [0, 2, 3, 4]
123 7 0.0625 835 8 [4]
123 8 0.3125 835 15 [0, 2, 3, 5, 6]
124 0 0.75 126 14 []
124 1 0.9375 126 4 [0]
124 2 0.4375 126 17 [0]
124 3 0.4375 126 6 [1]
124 4 0.3125 126 2 [1]
124 5 0.75 126 1 [0, 3]
124 6 0.6875 126 8 [0, 1, 2]
125 0 0.9375 540 12 []
125 1 0.625 540 2 [0]
125 2 0.125 540 2 [0]
126 0 0.6875 93 4 []
126 1 0.4375 93 7 [0]
126 2 0.0625 93 11 [0]
127 0 0.1875 762 13 []
127 1 0.0625 762 4 [0]
128 0 0.4375 987 16 []
129 0 0.25 199 11 []
130 0 0.8125 763 15 []
131 0 0.0625 265 6 []
131 1 0.4375 265 12 [0]
131 2 0.8125 265 5 [0]
131 3 0.1875 265 9 [0]
131 4 0.75 265 7 [1]
132 0 0.5 302 17 []
132 1 0.1875 302 7 [0]
132 2 0.0625 302 7 [0]
132 3 0.9375 302 18 [1]
132 4 0.75 302 16 [2]
133 0 0.4375 844 3 []
133 1 0.25 844 17 [0]
133 2 0.6875 844 3 [0]
133 3 0.3125 844 11 [1]
134 0 0.3125 567 17 []
134 1 0.125 567 17 [0]
134 2 0.875 567 18 [0]
134 3 0.6875 567 17 [0, 1]
135 0 0.25 157 10 []
135 1 0.375 157 8 [0]
135 2 0.125 157 4 [0]
135 3 0.25 157 4 [0]
136 0 0.3125 410 1 []
136 1 0.5625 410 17 [0]
136 2 0.1875 410 17 [0]
136 3 0.25 410 19 [0, 1]
136 4 0.6875 410 13 [1]
136 5 0.875 410 12 [0, 2]
137 0 0.25 904 6 []
137 1 0.125 904 3 [0]
137 2 0.75 904 5 [0]
137 3 0.125 904 14 [1]
137 4 0.5 904 2 [0]
137 5 0.625 904 13 [0, 1, 2]
137 6 0.875 904 19 [0]
138 0 0.875 973 9 []
138 1 0.125 973 19 [0]
138 2 0.25 973 3 [0]
138 3 0.75 973 17 [0]
138 4 0.9375 973 8 [0]
138 5 0.375 973 2 [1, 2, 3]
139 0 0.625 632 16 []
139 1 0.375 632 7 [0]
139 2 0.8125 632 4 [0]
139 3 0.4375 632 15 [1]
139 4 0.4375 632 11 [1]
139 5 0.9375 632 3 [0, 1, 2, 3]
139 6 0.8125 632 7 [0, 1, 3]
139 7 0.4375 632 11 [1, 2, 3, 4, 5]
139 8 0.1875 632 2 [0, 1, 2, 3, 4, 5]
140 0 0.1875 810 5 []
141 0 0.0625 491 14 []
141 1 0.875 491 1 [0]
141 2 0.8125 491 13 [0]
141 3 0.3125 491 1 [1]
141 4 0.5625 491 13 [0, 1]
141 5 0.625 491 4 [0, 2, 3]
141 6 0.6875 491 15 [2, 4]
141 7 0.875 491 13 [1, 2, 5]
142 0 0.5625 236 11 []
142 1 0.5625 236 11 [0]
142 2 0.9375 236 6 [0]
143 0 0.75 791 19 []
143 1 0.625 791 11 [0]
143 2 0.9375 791 4 [0]
143 3 0.5 791 11 [1]
143 4 0.1875 791 3 [0, 2]
143 5 0.5625 791 2 [0]
143 6 0.3125 791 6 [2, 3]
144 0 0.75 494 12 []
144 1 0.625 494 3 [0]
144 2 0.8125 494 3 [0]
144 3 0.875 494 11 [0]
144 4 0.5 494 6 [0, 1, 2]
144 5 0.6875 494 1 [1, 2, 3]
144 6 0.875 494 5 [1, 4]
145 0 0.125 409 7 []
146 0 0.0625 115 1 []
146 1 0.5625 115 5 [0]
146 2 0.8125 115 14 [0]
146 3 0.1875 115 12 [0]
146 4 0.8125 115 8 [0]
146 5 0.5 115 17 [1, 2]
146 6 0.5625 115 4 [0, 1, 3, 4]
146 7 0.375 115 12 [0, 1, 3, 5]
147 0 0.125 691 4 []
147 1 0.3125 691 19 [0]
147 2 0.125 691 12 [0]
147 3 0.375 691 14 [0, 1]
147 4 0.8125 691 17 [0]
147 5 0.8125 691 19 [0, 1, 3]
148 0 0.125 280 14 []
148 1 0.625 280 9 [0]
148 2 0.375 280 4 [0]
148 3 0.625 280 5 [0, 1]
148 4 0.8125 280 3 [1]
148 5 0.875 280 19 [1, 2]
148 6 0.375 280 15 [0, 2, 4]
148 7 0.75 280 8 [0, 1, 2, 4, 5]
148 8 0.8125 280 2 [3, 4, 5]
149 0 0.0625 427 13 []
149 1 0.5625 427 7 [0]
149 2 0.5625 427 7 [0]
149 3 0.5625 427 1 [0]
149 4 0.5 427 19 [1]
149 5 0.375 427 15 [0, 1, 3]
149 6 0.5 427 9 [1, 4]
149 7 0.375 427 13 [2, 3]
150 0 0.375 357 5 []
151 0 0.125 793 2 []
151 1 0.8125 793 19 [0]
151 2 0.8125 793 10 [0]
151 3 0.375 793 4 [0]
152 0 0.0625 107 6 []
152 1 0.6875 107 3 [0]
152 2 0.375 107 17 [0]
152 3 0.25 107 16 [0, 1]
152 4 0.5625 107 5 [1, 2]
152 5 0.75 107 16 [0, 1, 2, 3]
152 6 0.0625 107 18 [0, 1, 2, 3, 4]
152 7 0.5625 107 14 [0, 1, 4]
152 8 0.5 107 13 [0, 3, 6]
153 0 0.4375 780 1 []
153 1 0.0625 780 13 [0]
153 2 0.875 780 5 [0]
153 3 0.5625 780 4 [1]
154 0 0.75 983 14 []
154 1 0.0625 983 13 [0]
154 2 0.1875 983 17 [0]
154 3 0.9375 983 18 [0]
154 4 0.5625 983 8 [1, 2]
154 5 0.375 983 6 [1]
155 0 0.75 698 3 []
156 0 0.0625 307 17 []
156 1 0.1875 307 1 [0]
156 2 0.375 307 2 [0]
157 0 0.8125 860 6 []
157 1 0.3125 860 9 [0]
157 2 0.25 860 4 [0]
157 3 0.9375 860 19 [0, 1]
157 4 0.5 860 15 [0, 1]
157 5 0.5 860 4 [0, 3]
158 0 0.5625 303 3 []
158 1 0.6875 303 17 [0]
158 2 0.375 303 16 [0]
158 3 0.125 303 19 [0]
158 4 0.9375 303 6 [0]
158 5 0.9375 303 13 [1, 2]
158 6 0.75 303 5 [1, 2, 4]
158 7 0.25 303 14 [0, 1, 3, 5]
158 8 0.5 303 10 [0, 2, 3, 4, 5, 6]
159 0 0.25 759 12 []
159 1 0.3125 759 1 [0]
159 2 0.5625 759 14 [0]
160 0 0.375 673 4 []
160 1 0.625 673 8 [0]
160 2 0.875 673 16 [0]
160 3 0.25 673 6 [1]
160 4 0.625 673 18 [0]
160 5 0.9375 673 14 [1]
160 6 0.625 673 17 [0, 1, 2]
161 0 0.3125 67 1 []
161 1 0.875 67 4 [0]
161 2 0.0625 67 4 [0]
161 3 0.625 67 11 [1]
161 4 0.8125 67 14 [0]
161 5 0.75 67 14 [0, 1, 2]
162 0 0.0625 333 13 []
162 1 0.75 333 16 [0]
162 2 0.5 333 3 [0]
163 0 0.8125 157 13 []
163 1 0.9375 157 12 [0]
163 2 0.8125 157 18 [0]
163 3 0.5 157 7 [0, 1]
163 4 0.3125 157 14 [0]
163 5 0.1875 157 13 [0, 1, 2, 3]
163 6 0.8125 157 1 [2, 3]
163 7 0.75 157 1 [0, 1, 2, 3, 4]
164 0 0.0625 513 18 []
164 1 0.25 513 12 [0]
164 2 0.25 513 13 [0]
164 3 0.375 513 12 [0, 1]
164 4 0.3125 513 13 [1]
164 5 0.625 513 10 [0, 1, 2, 3]
164 6 0.9375 513 13 [1, 3]
164 7 0.5 513 12 [2, 3, 4, 5]
164 8 0.3125 513 3 [0, 1, 2, 3, 5, 6]
165 0 0.1875 825 17 []
165 1 0.125 825 9 [0]
165 2 0.4375 825 8 [0]
165 3 0.625 825 12 [1]
165 4 0.9375 825 15 [0, 1]
165 5 0.625 825 10 [0, 3]
165 6 0.8125 825 19 [0, 2]
165 7 0.5 825 3 [0, 3, 4, 5]
165 8 0.125 825 14 [3, 5, 6]
166 0 0.5625 709 7 []
166 1 0.75 709 10 [0]
167 0 0.5625 961 10 []
167 1 0.9375 961 4 [0]
167 2 0.9375 961 5 [0]
168 0 0.875 276 17 []
168 1 0.9375 276 16 [0]
168 2 0.1875 276 14 [0]
168 3 0.5625 276 15 [1]
168 4 0.5 276 15 [2]
168 5 0.125 276 11 [0, 3]
168 6 0.375 276 11 [0]
169 0 0.75 654 8 []
169 1 0.375 654 10 [0]
170 0 0.75 321 10 []
170 1 0.375 321 17 [0]
170 2 0.625 321 8 [0]
171 0 0.5625 661 18 []
172 0 0.5 883 6 []
172 1 0.4375 883 3 [0]
173 0 0.5625 374 16 []
173 1 0.4375 374 8 [0]
173 2 0.375 374 14 [0]
173 3 0.25 374 2 [1]
173 4 0.5 374 7 [0, 1]
173 5 0.0625 374 13 [1, 3]
173 6 0.375 374 1 [1, 2, 3, 4]
173 7 0.9375 374 14 [2]
174 0 0.4375 628 8 []
174 1 0.875 628 10 [0]
174 2 0.4375 628 10 [0]
174 3 0.875 628 3 [0, 1]
174 4 0.9375 628 5 [1]
174 5 0.4375 628 19 [0, 3]
174 6 0.25 628 17 [2]
174 7 0.5625 628 6 [1, 3, 4, 5]
174 8 0.375 628 13 [3, 4, 5, 6]
175 0 0.9375 237 6 []
175 1 0.1875 237 2 [0]
175 2 0.4375 237 12 [0]
175 3 0.4375 237 10 [0]
175 4 0.6875 237 3 [0]
175 5 0.3125 237 9 [1]
176 0 0.625 814 7 []
176 1 0.75 814 7 [0]
176 2 0.75 814 8 [0]
177 0 0.3125 380 19 []
178 0 0.9375 441 17 []
178 1 0.0625 441 12 [0]
178 2 0.5 441 2 [0]
178 3 0.3125 441 17 [0]
178 4 0.0625 441 3 [0]
178 5 0.1875 441 4 [1, 2]
178 6 0.375 441 18 [2, 3, 4]
178 7 0.875 441 15 [2, 3, 4, 5]
179 0 0.125 53 17 []
179 1 0.25 53 4 [0]
179 2 0.5 53 12 [0]
179 3 0.0625 53 14 [0]
179 4 0.625 53 7 [2]
179 5 0.875 53 1 [0]
180 0 0.5625 582 17 []
180 1 0.25 582 3 [0]
180 2 0.25 582 12 [0]
180 3 0.0625 582 18 [0]
180 4 0.25 582 3 [1]
181 0 0.75 901 9 []
181 1 0.1875 901 18 [0]
181 2 0.9375 901 3 [0]
181 3 0.5625 901 8 [1]
181 4 0.9375 901 19 [2]
181 5 0.5625 901 17 [1, 2]
181 6 0.6875 901 11 [0, 1, 3]
181 7 0.3125 901 7 [1, 2, 4]
182 0 0.375 121 10 []
182 1 0.375 121 4 [0]
182 2 0.625 121 19 [0]
183 0 0.625 259 10 []
183 1 0.9375 259 10 [0]
183 2 0.75 259 5 [0]
183 3 0.1875 259 1 [0, 1]
183 4 0.4375 259 13 [0, 2]
184 0 0.25 144 8 []
184 1 0.625 144 18 [0]
184 2 0.875 144 12 [0]
185 0 0.0625 640 6 []
185 1 0.875 640 2 [0]
186 0 0.0625 42 19 []
187 0 0.8125 377 15 []
187 1 0.9375 377 8 [0]
187 2 0.9375 377 11 [0]
187 3 0.625 377 7 [1]
187 4 0.1875 377 9 [0]
187 5 0.375 377 14 [0]
187 6 0.375 377 16 [1, 3]
187 7 0.375 377 4 [0, 2, 4]
187 8 0.3125 377 17 [0, 2, 4, 5, 6]
188 0 0.375 902 3 []
188 1 0.625 902 6 [0]
188 2 0.9375 902 14 [0]
188 3 0.8125 902 11 [0, 1]
188 4 0.25 902 18 [0]
188 5 0.375 902 6 [1, 2, 3]
189 0 0.8125 339 2 []
189 1 0.1875 339 19 [0]
189 2 0.25 339 13 [0]
190 0 0.8125 757 7 []
190 1 0.5 757 6 [0]
191 0 0.625 548 14 []
191 1 0.4375 548 16 [0]
191 2 0.6875 548 19 [0]
191 3 0.625 548 5 [0]
191 4 0.4375 548 19 [1]
191 5 0.1875 548 9 [2, 3]
191 6 0.8125 548 11 [0]
191 7 0.0625 548 6 [3]
192 0 0.875 803 9 []
192 1 0.5 803 14 [0]
192 2 0.1875 803 19 [0]
192 3 0.5625 803 13 [0]
192 4 0.0625 803 11 [1]
192 5 0.875 803 14 [0, 3]
193 0 0.3125 237 15 []
193 1 0.3125 237 15 [0]
193 2 0.5 237 5 [0]
193 3 0.9375 237 5 [0]
193 4 0.5625 237 15 [1, 2]
193 5 0.4375 237 14 [1, 2, 3]
193 6 0.75 237 16 [0, 2, 4]
194 0 0.8125 117 16 []
195 0 0.5 32 8 []
195 1 0.1875 32 4 [0]
195 2 0.75 32 18 [0]
195 3 0.4375 32 2 [0]
195 4 0.125 32 11 [0, 2]
195 5 0.4375 32 18 [0, 1]
195 6 0.375 32 5 [0, 2, 4]
195 7 0.5625 32 4 [2, 3, 5]
196 0 0.4375 877 18 []
196 1 0.3125 877 13 [0]
196 2 0.8125 877 10 [0]
196 3 0.8125 877 4 [0, 1]
196 4 0.8125 877 6 [1]
196 5 0.625 877 15 [1, 2]
196 6 0.75 877 14 [0, 2, 3, 4]
197 0 0.625 234 1 []
197 1 0.75 234 12 [0]
197 2 0.9375 234 15 [0]
197 3 0.0625 234 3 [1]
197 4 0.625 234 3 [0, 2]
197 5 0.125 234 6 [0]
198 0 0.625 8 19 []
198 1 0.9375 8 18 [0]
198 2 0.9375 8 3 [0]
199 0 0.9375 677 15 []
199 1 0.625 677 15 [0]
199 2 0.5 677 16 [0]
199 3 0.4375 677 5 [1]
199 4 0.9375 677 10 [1, 2]
199 5 0.875 677 13 [0, 1, 2, 3]
199 6 0.3125 677 7 [1, 4]
199 7 0.6875 677 16 [2, 3, 4]
199 8 0.5 677 14 [0, 1, 2, 3, 4, 6]
